0;1;1;1;0;0;0;0;1;1;1;1;1;1;C;1;1;1;1;1;1;1;H;1;1;1;1;1;1
1;0;0;0;1;0;0;0;1;0;0;0;0;0;0;0;0;5;0;5;0;0;0;0;0;0;0;0;1
1;0;0;0;1;0;0;0;U;0;0;0;0;0;0;0;0;0;0;0;0;0;0;0;0;0;0;0;S
1;0;0;0;1;0;0;0;1;0;0;0;0;0;0;0;0;5;0;5;0;0;0;0;0;0;0;0;1
1;0;0;0;1;0;0;0;1;1;1;1;1;0;0;0;0;0;0;0;0;0;0;0;0;0;0;0;1
1;4;0;4;1;0;0;0;0;0;0;0;1;0;0;0;0;0;0;0;0;3;0;3;0;0;0;0;1
1;0;0;0;1;0;0;0;0;0;0;0;H;0;0;0;0;0;0;0;0;0;0;0;0;0;0;0;1
1;4;0;4;1;0;0;0;0;0;0;0;1;0;0;0;0;0;0;0;0;3;0;3;0;0;0;0;1
1;0;0;0;1;F;1;1;1;1;1;1;1;0;0;0;1;0;0;0;0;0;0;0;0;0;0;0;1
1;0;0;0;0;0;0;0;0;2;0;2;1;b;0;b;1;0;0;0;0;0;0;0;0;0;0;0;1
1;0;0;0;0;0;0;0;0;0;0;0;1;0;0;0;1;0;0;0;0;0;0;0;0;0;0;0;H
1;0;0;0;0;0;0;0;0;2;0;2;1;b;0;b;1;0;0;0;0;0;0;0;0;0;0;0;1
0;H;1;0;0;0;0;0;0;0;0;0;1;0;0;0;1;1;1;1;1;1;S;1;1;1;1;1;1
1;0;0;0;0;0;0;0;0;0;0;0;1;4;0;4;0;0;0;0;0;0;0;0;0;0;0;0;1
1;0;0;0;0;0;0;0;0;0;0;0;1;0;0;0;0;0;0;0;0;0;0;0;0;0;0;0;F
1;0;0;0;0;0;0;0;0;0;0;0;1;4;0;4;0;0;0;0;0;0;0;0;0;0;0;0;1
1;0;0;0;1;1;1;U;1;U;1;C;0;0;0;0;0;0;0;0;1;1;P;1;1;0;0;0;1
1;0;0;0;0;p;0;p;0;0;0;0;0;0;0;0;0;0;0;0;1;0;0;0;1;0;0;0;1
P;0;0;0;0;0;0;0;0;0;0;0;0;0;0;0;0;0;1;0;1;0;0;0;1;0;0;0;1
1;0;0;0;0;p;0;p;0;0;0;0;0;0;0;0;0;0;1;0;1;0;0;0;1;0;0;0;1
1;0;0;0;1;1;H;1;1;0;0;0;0;0;0;0;0;0;1;1;1;0;0;0;1;P;1;1;1
1;0;0;0;1;0;0;0;0;0;0;0;0;x;0;x;0;0;0;0;O;0;0;0;0;0;0;0;0
0;1;1;1;0;0;0;0;0;0;0;0;0;0;0;0;0;0;0;0;1;0;0;0;0;0;0;0;0
1;0;0;0;1;0;0;0;0;0;0;0;0;x;0;x;0;0;0;0;1;0;0;0;0;0;0;0;0
1;0;0;0;1;1;1;1;1;0;0;0;1;0;0;0;0;0;0;0;1;1;1;1;1;1;1;1;1
0;0;0;0;1;0;0;0;0;0;0;0;O;0;0;0;0;4;0;4;0;0;0;0;0;0;0;0;1
0;0;0;0;P;0;0;0;0;0;0;0;1;0;0;0;1;0;0;0;0;0;0;0;0;0;0;0;1
0;0;0;0;1;0;0;0;0;0;0;0;0;0;0;0;1;4;0;4;0;0;0;0;0;0;0;0;1
0;0;0;0;1;1;1;1;1;U;1;1;1;F;1;1;1;1;1;1;1;O;1;1;1;1;1;1;1
